0 0 1000 854.087 0.000 2 -1.00
1 0 1000 160.350 0.000 8 91.96
2 0 1000 105.183 0.000 20 74.23
3 0 1000 89.557 0.000 20 67.82
4 0 1000 84.486 0.000 20 73.57
5 0 1000 82.208 0.000 20 71.50
6 0 1000 80.931 0.000 20 74.37
7 0 1000 80.153 0.000 20 74.86
8 0 1000 79.647 0.000 20 72.34
9 0 1000 79.269 0.000 20 73.49
10 0 1000 78.991 0.000 20 73.13
11 0 1000 78.765 0.000 20 73.31
12 0 1000 78.583 0.000 20 72.54
13 0 1000 78.452 0.000 20 72.36
14 0 1000 78.334 0.000 20 75.17
15 0 1000 78.244 0.000 20 72.48
16 0 1000 78.163 0.000 20 74.29
17 0 1000 78.099 0.000 20 73.70
18 0 1000 78.027 0.000 20 73.11
19 0 1000 77.973 0.000 20 74.17
20 0 1000 78.150 0.000 20 73.45
21 0 1000 77.795 0.000 20 74.07
22 0 1000 77.770 0.000 20 72.87
23 0 1000 77.753 0.000 20 73.40
24 0 1000 77.738 0.000 20 74.66
25 0 1000 77.723 0.000 20 73.10
26 0 1000 77.710 0.000 20 74.62
27 0 1000 77.696 0.000 20 74.91
28 0 1000 77.683 0.000 20 74.49
29 0 1000 77.670 0.000 20 74.07
30 0 1000 77.658 0.000 20 75.19
31 0 1000 77.646 0.000 20 75.05
32 0 1000 77.635 0.000 20 74.43
33 0 1000 77.624 0.000 20 73.95
34 0 1000 77.613 0.000 20 73.16
35 0 1000 77.603 0.000 20 72.64
36 0 1000 77.593 0.000 20 72.68
37 0 1000 77.583 0.000 20 75.42
38 0 1000 77.573 0.000 20 74.17
39 0 1000 77.564 0.000 20 74.94
40 0 1000 77.555 0.000 20 75.69
41 0 1000 77.547 0.000 20 73.51
42 0 1000 77.538 0.000 20 73.56
43 0 1000 77.529 0.000 20 73.96
44 0 1000 77.520 0.000 20 74.91
45 0 1000 77.511 0.000 20 73.00
46 0 1000 77.502 0.000 20 72.78
47 0 1000 77.494 0.000 20 74.04
48 0 1000 77.486 0.000 20 75.46
49 0 1000 77.478 0.000 20 72.69
50 0 1000 77.470 0.000 20 71.21
51 0 1000 77.463 0.000 20 71.43
52 0 1000 77.455 0.000 20 71.29
53 0 1000 77.448 0.000 20 72.63
54 0 1000 77.441 0.000 20 71.63
55 0 1000 77.434 0.000 20 72.92
56 0 1000 77.428 0.000 20 74.20
57 0 1000 77.421 0.000 20 72.03
58 0 1000 77.415 0.000 20 71.43
59 0 1000 77.409 0.000 20 71.84
60 0 1000 77.403 0.000 20 70.94
61 0 1000 77.397 0.000 20 72.36
62 0 1000 77.392 0.000 20 74.10
63 0 1000 77.386 0.000 20 73.40
64 0 1000 77.381 0.000 20 71.09
65 0 1000 77.376 0.000 20 73.67
66 0 1000 77.370 0.000 20 72.67
67 0 1000 77.365 0.000 20 72.95
68 0 1000 77.360 0.000 20 72.01
69 0 1000 77.355 0.000 20 73.28
70 0 1000 77.351 0.000 20 73.06
71 0 1000 77.346 0.000 20 71.74
72 0 1000 77.341 0.000 20 72.70
73 0 1000 77.337 0.000 20 72.59
74 0 1000 77.333 0.000 20 72.74
75 0 1000 77.328 0.000 20 73.47
76 0 1000 77.324 0.000 20 73.05
77 0 1000 77.320 0.000 20 70.21
78 0 1000 77.316 0.000 20 72.34
79 0 1000 77.312 0.000 20 72.51
80 0 1000 77.308 0.000 20 71.24
81 0 1000 77.304 0.000 20 71.48
82 0 1000 77.300 0.000 20 72.70
83 0 1000 77.296 0.000 20 70.98
84 0 1000 77.292 0.000 20 71.32
85 0 1000 77.288 0.000 20 71.36
86 0 1000 77.284 0.000 20 71.67
87 0 1000 77.281 0.000 20 73.86
88 0 1000 77.276 0.000 20 72.01
89 0 1000 77.272 0.000 20 71.10
90 0 1000 77.269 0.000 20 70.49
91 0 1000 77.265 0.000 20 75.66
92 0 1000 77.261 0.000 20 71.26
93 0 1000 77.257 0.000 20 73.95
94 0 1000 77.253 0.000 20 72.18
95 0 1000 77.249 0.000 20 70.27
96 0 1000 77.246 0.000 20 71.59
97 0 1000 77.242 0.000 20 72.27
98 0 1000 77.239 0.000 20 73.48
99 0 1000 77.235 0.000 20 73.39
100 0 1000 77.231 0.000 20 73.28
101 0 1000 77.228 0.000 20 72.01
102 0 1000 77.225 0.000 20 71.67
103 0 1000 77.222 0.000 20 71.56
104 0 1000 77.218 0.000 20 71.39
105 0 1000 77.215 0.000 20 71.07
106 0 1000 77.212 0.000 20 70.46
107 0 1000 77.209 0.000 20 71.06
108 0 1000 77.206 0.000 20 71.59
109 0 1000 77.203 0.000 20 75.04
110 0 1000 77.200 0.000 20 73.59
111 0 1000 77.197 0.000 20 72.12
112 0 1000 77.194 0.000 20 72.81
113 0 1000 77.191 0.000 20 73.08
114 0 1000 77.188 0.000 20 72.46
115 0 1000 77.185 0.000 20 71.01
116 0 1000 77.182 0.000 20 73.16
117 0 1000 77.179 0.000 20 75.18
118 0 1000 77.176 0.000 20 72.29
119 0 1000 77.173 0.000 20 72.71
120 0 1000 77.171 0.000 20 72.63
121 0 1000 77.168 0.000 20 71.56
122 0 1000 77.165 0.000 20 71.96
123 0 1000 77.162 0.000 20 72.23
124 0 1000 77.160 0.000 20 72.74
125 0 1000 77.156 0.000 20 72.27
126 0 1000 77.154 0.000 20 74.70
127 0 1000 77.151 0.000 20 73.50
128 0 1000 77.148 0.000 20 71.99
129 0 1000 77.146 0.000 20 73.32
130 0 1000 77.143 0.000 20 71.83
131 0 1000 77.141 0.000 20 72.64
132 0 1000 77.138 0.000 20 73.19
133 0 1000 77.136 0.000 20 72.65
134 0 1000 77.133 0.000 20 73.10
135 0 1000 77.131 0.000 20 74.04
136 0 1000 77.128 0.000 20 72.62
137 0 1000 77.125 0.000 20 71.62
138 0 1000 77.123 0.000 20 69.62
139 0 1000 77.120 0.000 20 72.12
140 0 1000 77.117 0.000 20 72.86
141 0 1000 77.115 0.000 20 73.36
142 0 1000 77.112 0.000 20 72.26
143 0 1000 77.110 0.000 20 71.69
144 0 1000 77.107 0.000 20 75.92
145 0 1000 77.105 0.000 20 70.74
146 0 1000 77.103 0.000 20 73.60
147 0 1000 77.100 0.000 20 73.99
148 0 1000 77.098 0.000 20 72.77
